0
395701818
963460308
703854392
1070411489
1817959992
469744512
919337050
1821932971
1352242191
1668060070
871724532
1034032699
792638168
784036920
1608686158
825631914
1026903675
5138960652
5217605966
1052379653
457602567
1601358129
659901568
1030637180
349323432
956333874
1537296275
5097952397
5036139886
1038933682
5027502173
1913818657
1903555357
1094831323
5218773837
1991338980
951972695
5005463343
1151089479
5228910020
1497906664
5234154483
1282577741
2079046945
996260567
391218985
451877767
571491212
1022247312
1733568089
976510986
5146401822
665170723
1426925306
792405295
336722409
229274030
2071039168
505570271
5055408439
899179535
5256573423
1826619142
1817062081
1656439795
737030018
1341908878
5003836501
5277299847
745170395
1017211862
1016422594
1332696153
5106624825
5090677158
1121214998
1903534404
1238889880
1066706765
1488376374
1461898112
2138612373
5218638591
1825089335
1933656624
674697736
5289103889
405320326
666206494
5110055003
5275478287
5112602049
2013193315
1632507430
1128396726
844504514
462519865
2002418772
2093505751
1700395746
5273508625
5267013807
1786016595
928980529
837190593
5273816715
837878338
1368269145
2102924377
1525175052
1603164780
5062774562
2063949141
5023047428
1615276450
2044177261
170660216
791484396
1815954725
5061107157
5029525299
197703286
1672064840
812981553
694674672
1153572005
5058440592
5179015296
1776963810
775884155
1018330322
2117606037
5260775969
5123959944
438996946
1371393687
1677503992
5245036934
5098086047
467923375
2082251453
1305874158
774003303
986233519
1054422299
5229757502
1420589365
1888235453
5021312390
1717060460
1108414103
1282842008
5074831206
1017922868
5174763752
865326525
1916385123
5180769295
5121754594
1014283390
992043386
1678711528
5123471757
1266190343
1020155331
2100656069
1402104827
1847351462
5255361324
1906827461
5236363714
1161547673
2102417912
5037783009
2088985894
549243959
2029516812
1743346983
1641044255
1285764005
5042708847
1771397242
956179213
978658410
709298984
1793049974
1066344626
1376053250
1822082697
1682703661
1829648650
2047048581
1306995727
1614769466
1686733758
1252714703
5142611354
1706982700
1958855580
5017872235
902843363
960993441
5158438486
5250003177
5132752545
712970014
2091732937
5032337334
1960114995
997109998
5111332500
2030700209
2048913956
1956473190
1026838733
2132445578
5154063952
1086447580
5221176730
1995040601
414278560
590195569
1727876003
1140965805
1974672716
701213985
365026545
1413544636
1025859903
2086257320
1260644136
1386297801
1158339534
1301126290
2042239279
1191013246
1858865304
1856562999
5144982751
1443437084
1474954887
996686713
1389840265
1403609633
5255162346
1238234016
5121628012
1757254917
5110175493
810279757
5282877055
925057768
850455549
1198316486
775826193
5227607416
1042600556
1431188152
5244296613
2083492902
1353463848
5112648895
5164172312
1926903794
744065374
5133774544
1207258029
894027346
627726800
1365701057
1144634992
1298597308
700499317
5222697084
5060327456
2024316993
1014911770
5238112197
2013778760
2066329501
1404254376
1965701240
5126876833
5237122337
5214350964
1808356898
5147349391
1128793066
2138510465
5168200126
1723594031
5143032379
970914570
941645765
2014968869
913020800
1843846322
5013193168
1721019087
2073299547
1057860555
973199260
806154725
1892549264
1093759030
748438008
1351721446
593583854
891446810
634296924
825634428
838346184
817011378
862495701
790724872
810145126
831820584
627696438
742222777
1196656135
464226989
835977692
752104974
835324291
621466611
1342355343
840878335
855579092
866858937
632837707
675275534
720414382
856528879
793152478
890767610
863367690
698077810
821045844
813282973
770200990
668955036
791334466
770015847
764227222
809471465
832674535
573613692
862262810
893827184
706509345
889369965
810431451
5105881497
5128251093
962786890
1745043931
1913000442
1633280795
518841601
5064452472
5115197757
1912587677
1419407628
1983521567
1682067667
1396718633
2012840356
5019021342
1092893575
5158966094
948349017
5296777226
5268800431
2128954041
1482178335
1842358227
1149725353
1933399002
1999852634
2109296984
5207698987
5158159413
1531166954
1023060014
1938468432
1147342942
5239320847
405747129
1238658037
1153243289
901194715
730552305
1111570890
1834987511
2105695740
1937421942
2115636348
689510724
952510077
845364399
1624938412
5243220679
1761655878
797105719
980351996
5213318945
1777814037
5064946173
1989110715
5241280042
1152709834
5127333404
5082774686
1946474437
1950200243
5181767064
826787183
5221221226
5153908571
970397234
2113742376
5062765072
1979379643
2145575369
1687902163
1471133384
5261788181
1460864383
1701095502
2070994815
709455070
1035800888
749765873
822231189
1483176297
736366905
955060190
1819275608
5182070878
5041020448
1833121250
1352686794
5230755448
1730045873
5065893532
2134007238
1632282530
1733908231
1949349823
1434536127
1875787407
2002564871
5261101348
647151861
1702948760
742500756
1630563487
1167766134
1419026360
1613479725
5168938029
5214495581
1783093255
1399292029
1784833517
1628213422
853795053
5176229803
1729778222
942427194
1443258670
1507226283
1978513551
1460890769
1801313453
789265965
1171025640
5156678355
979579733
5272229468
836405737
1202196090
1863965704
1342424696
2071672929
1955518126
5062441784
1915378084
1441985688
5288885160
1241863507
5251956754
810363348
1272591599
623515908
1209359673
1243840761
1692405982
946581546
5148677771
1239957148
1893987806
1707628701
1919313480
1880861807
1906465198
1863994316
2092099138
1872424916
1772639598
2036762298
1744502407
5086491094
1962917231
1235434180
5038428070
2125757007
5167312677
5270628146
5196477238
5046865780
1781560930
2097923212
1136570518
5008000776
1118953012
1617206111
1921238383
5275545629
459513534
5110113485
1607622488
1365403411
5120837421
1937439014
1382211026
766899177
1304044743
941084431
5132900290
5113090925
1330018107
1958092698
5065067461
1143287672
1837357400
5224905960
855161070
5202113486
1551699792
788328473
1061109528
1158851935
1735523840
1194622698
5054636789
1281161462
1319924279
2011682243
5087023605
5178635408
1146977636
1046481478
2026938756
2133537878
5205919648
5070239559
723118439
468870504
1669516284
1343539560
5192990737
1989969400
1358897271
2015930291
2134067704
5115034948
1958445581
5262480723
1876714801
922711209
1407181318
1494171571
1187452745
5057557206
5208368628
5097242736
5184105549
5257284096
655101296
751105518
1057318636
1577365469
2030064126
1094021860
316103223
824030782
1758276162
293992980
978500286
944301797
5161543412
5275461411
5186272456
893318787
861389488
727728706
804358047
5262235692
2064095103
1273376195
1373734447
311441370
2074021519
5217862947
1676850451
5040816090
1296422035
5254042850
2017084501
1536556436
880436706
1375919008
676023120
507549141
1542633388
971248129
1812586370
1814792764
876399592
1611187996
1677890269
794979256
1781789861
1548022511
5265629621
1893564139
627500591
1828065092
1766354438
1653036489
5154419395
1116137664
1802951926
1853985921
1900899913
1858889739
1054722583
1942431267
941940236
1709340675
5139403412
508294614
576198420
615445851
2136451220
5244417898
5036020119
5200218405
1031347677
2120048867
1289285581
1212576532
2146148926
5134931371
1674698243
5265105499
5201355735
571739681
1050574247
5101698249
5239352415
1900401359
1307060807
883105763
5135046727
1827089314
5015681833
1664411843
5250156238
1729800510
511575278
1723476681
1039809743
2101044795
5174294144
1230331246
982699698
1249508089
631584347
1262916636
1071303201
5235227311
5277115599
495824795
2121139557
896912241
1938429621
1998089648
740485864
1345218670
164645810
5218799544
923220387
1917024913
1794195690
5110298654
1040005893
1766100945
1220656237
1881740685
5253178102
1812439393
1974935155
879382432
5261035594
5143736176
5205234052
1339340466
866451992
1756821544
1457441312
5065475291
351675981
5297901138
5245417552
525100451
2084075539
5130277280
1989237111
5059417007
969848643
2028267386
480406953
907625349
5055567829
2126035935
1940509343
5246098522
5226099193
5036497653
700956938
2024860174
5244747063
1959373541
2145201509
5043799649
1418587336
1907836448
1637233066
975954336
1845041627
1866639875
5287658841
5069908259
1962210972
1168326937
2075087850
1222946384
1355640914
337940641
1724041259
959315403
1476727043
1259752658
284781237
5109415677
1177442726
1817550191
612317568
5068571403
1070418739
772219945
2131937422
1946092477
5271378734
2015775582
1332168244
1934660970
1800473750
2097975554
5020401946
1871941563
5048290184
905953851
5190309730
830804370
5007061718
5095466791
1761654327
2105913162
2124607473
2102134611
5028478463
787726725
5028408150
1262656371
1377341090
356354413
948577227
634810603
5270458840
1998147706
5144684744
536470190
1951902044
950956109
1695345377
1253290154
1302619334
946435872
2103704697
2034801543
5110389700
1094241088
765127761
1867096781
1887605391
1439510858
965758654
2092960403
1693624581
1433926568
1765748746
872623641
5029134380
919094351
901369830
1222043735
5004228391
5203906436
2077103140
2084918572
2050796450
5035085966
2097915095
1738545728
2145277140
5215567209
507137068
2002444519
5198961266
1808896798
731017495
5059032582
1280754312
1058385289
5078597162
2109507330
1984017860
5082185892
1493573431
5233963743
2049570202
1984642391
1785674558
2003938905
2131535918
5153111541
1021174687
1728366720
1065347205
1372471639
1839593853
5037687311
748219801
5252056749
2121578308
5115458374
1602995473
303474785
1144309279
2047601144
1851583639
1935462285
1933248067
1596792341
2093133466
5197383356
1836508119
1472999191
5079858382
5069911756
1891621944
2089821873
5070337017
1857849263
5282481204
1465808670
5257549452
5016308398
2067630775
1962547468
5297839959
644659332
1252222799
5002485389
5049142659
2077073302
5201904426
5082749463
5165229988
5296960638
5128866143
2065709057
5172942602
1869495120
2099545868
2041802807
1357011297
2026415886
5271702648
5068598959
1691113013
1926533880
5051233310
2130308960
2051403670
5184753968
5268688720
5140020521
5219373560
5275812929
1134569076
5191260536
5090577941
2088974631
2105693175
5080437671
5280927136
5082637663
2016495817
5137343206
2132574026
5006539015
5150271785
5146898412
5182813967
5167183786
2084275973
5111227670
5125185565
5123092959
5233531566
1012933385
5247080699
2058670454
2007589710
5186054854
2085815691
5220454803
5213482009
2064550028
5078499479
5210867820
5119679647
2028813770
5233597115
5282665751
5255371944
2057816208
1974600976
656302043
5052049468
5283094497
5160523966
1698016105
2093656947
1776138524
5077108023
5274454932
2023594060
1824579754
5007545504
472235382
1416909382
1696601647
2145644101
5200466476
1393568811
1982614144
1734251731
1422269379
1074771139
576576738
2111478538
1243474938
1879571266
1719570490
1361940019
1942742101
5204199143
871877105
613651436
1740716966
2090916352
560535949
5116460837
1793285399
5275937154
1713814512
5237232764
1621643967
1919281434
5080181689
1738660993
1261091104
1313085659
699833582
1764960548
661084947
805506426
1672156841
1901369860
2105963490
1847158976
5064318599
5177086018
1187277977
5105077248
1980375392
5050057310
1142158437
1075320652
5278463651
2041815900
1399143472
5182353910
1830392317
5228090936
1619835840
848700354
1981949413
1817371402
1307818237
5167595226
881021677
1957235325
439050070
5278587026
1021574412
2055923288
1298348642
5124212764
5004810445
5057831049
886898133
1889028464
1771166906
857940673
5005799343
5182696397
1058099567
891405351
2089035536
5137608032
700925776
2103013605
1442823830
2001339084
2143320605
5151208876
782251313
1985598773
5051676317
1706700244
553937205
5171832187
857779871
2049717380
810685346
807846711
771026401
1085045356
5038746128
5208820693
1015413031
2101214325
2123020578
1011987154
5292058604
5129148357
5167941488
1312819729
646835044
5138223110
1852399372
5059292531
5105657781
5205616753
5242017898
831830067
1604630175
5201175682
1067076276
2048891592
1781177167
1441704324
2130366305
525541540
2080683355
2013079468
2048626414
1850321522
1960850267
1135728653
5032387379
883360641
5059057985
1805842893
1365963201
5239872205
1312428133
934909698
1732777450
5255175331
1503511704
5204009369
1553832697
1412474231
5193418604
1070944912
2011403298
1093144341
5262465727
1638265224
1643235741
5080890748
1472294443
5085430902
1897537025
606816361
1606427514
1930335705
575198203
1014017436
1984619941
1822660261
1768717196
1519626625
1189243400
1406811682
1031906534
775143431
1612874283
999764008
1570736561
5172793258
2078458787
1736265672
611322207
1276127062
1672430367
1561641755
1132581724
1075123295
1763029750
432376027
2062515914
1195550404
729037438
1381074397
1686317111
1122718681
5237153931
5204757434
5264566793
1877909195
1802250918
1981442120
1385826578
1138800424
1926919176
5224324304
997587866
5235447406
1133085690
1188263288
5175355802
1537843444
1191031131
1792122285
1903219205
943793625
606586827
1797512379
1776949730
962540815
1754332733
923821969
1601709202
5267624802
5160231065
5009530822
1548090824
1277908912
1302970564
1266055738
801711735
1846423282
1769516442
1718444997
1811556739
1481298450
1621325519
1878666240
1259531162
1746332818
1983359411
1330622821
1662141926
1904653339
781809793
1514652413
5152447716
1640547319
1780734758
1457604906
692390904
5200246243
5211629618
5045787956
572199801
5239932870
1694758944
749076350
511896985
2031384537
5002937989
5083481966
1820724938
5132231133
1439722590
1036769567
830944177
5158895161
5246232321
1910880665
2041848807
5186796604
2064716531
1528281650
1137587698
1312382265
212906340
5111232980
5179190117
1319121232
5006383069
1200388693
2039690082
898233849
1427076678
908792443
1690909998
1946595535
5079151173
1106057199
5027746607
5289031470
1852412755
1854788896
5106551235
5092097361
1630622101
5252122830
2108473417
1994205660
5277295355
2031463838
1115622866
899966099
2046771045
670115233
1852847161
1646378433
1814681074
1063107004
868975638
1172918364
1926053831
5080219667
1896363659
2027120866
5248738626
1152500894
5086158494
916844790
1633198857
592093634
1144407145
5094944103
857813232
5050357637
1696426362
1309272403
873716678
1691650670
1917620323
1078323262
434298998
1685515036
1800894928
1638101830
1477487951
1587618533
1033870738
741777889
5067155012
5074429941
5063274409
2032085727
1562508104
5011791147
1318760495
5188735686
1144857272
1387006387
932200419
5217543375
2004176831
5197570228
5007381937
5032887485
5291221384
1964396095
1969633219
948176295
1257008560
5038390926
5095484834
1932090234
1487479219
1075084338
423441569
5128447156
1244989463
1011727666
2126878624
1452384431
1481895016
2055541597
399524062
674415832
5193125582
1771358918
1772565223
2144563862
1771894172
2117987857
1658126622
1830378058
5004980946
699270550
5232445212
2095342823
1810837276
5037312070
1026302531
5228941991
1755144234
867918331
5016058751
1940358346
979757296
471966892
5219104869
762350816
5211552841
1845095144
5066515062
725959550
5133441654
1361381388
1661581403
5226110773
1672590829
1510537575
5149212286
1410700357
5260809444
1822078136
5117634060
5125635900
5136735965
1484572098
5121179716
1843287964
5155488065
2078909769
1051984158
1605177236
755412525
1853429411
682321044
2129320302
1427334679
1406370289
5055951822
2108981470
5230785065
1722082246
990004026
1604608702
1074213501
2090883052
629540960
774580270
5142023819
2118449895
5123207371
1893403536
2141951823
5119530162
859387162
5186101277
1463710554
791861984
5076570048
1010437258
2019045755
1466884753
1480520127
2137641002
1216858728
1361181287
1563186743
2140642023
2012498991
5131673945
5297766260
5023001190
5126409795
1074051696
905975462
1112171410
1626438320
1264496506
1312450040
1348060252
5075162811
927488307
1486969797
1947401076
794170337
1973689017
5299047172
5115380967
5265452268
585888823
1938187083
5030979105
5002606883
1666760032
5019755326
2091201188
760788173
771213628
1980733324
5101517419
5029377292
1401933921
2022474200
1727109793
5055951817
5241338644
1847520795
5231623998
5016495578
1140195069
1866069155
2091757957
1113749686
1506603541
5078013058
5108562722
1142187176
5122443048
5203765636
1940603120
830388192
2085069724
5241709940
1766914219
1978472596
912556830
5093543284
1129946166
1050481396
5130168602
5187092496
1303174051
973692174
547080212
1685286642
1423463205
1051317909
1013187244
2009306708
875395351
738019925
566018886
882450643
207063751
810399765
5101268355
1214863739
5078394517
1781681580
5143942207
2023057214
5011519212
5021679095
5081004988
5050241965
1990618165
926525180
1881215796
713243442
943831670
5063609416
5052614670
2110496714
5217872467
867854917
613320375
572141584
5038721648
5068086346
1043101305
1826687658
1314293988
1559919891
5103632511
1649533044
5210713997
1486047475
631393800
710400705
5198569148
1393005972
5097727671
1737527244
1034649949
5111052732
1358717291
1432576512
1600097727
5130157719
5069497097
5214664523
1937932253
5006368743
1828627653
1798356687
1800294166
5208188381
997599246
5173839721
2146627863
1607245473
5153942940
900783548
1046490744
1853335414
1090465467
5139929641
1873094031
1681551262
1867112152
5290545916
959969687
5089122347
1609433878
1125635613
1815558209
1855938104
1770240454
1228820368
1302014839
1328154057
5093590159
700780896
1058926870
1853403848
768122653
1313334160
945433766
1471361891
5076005619
1909946349
1663204457
2097925871
5131676618
1005878709
1302336385
1837133468
783400873
759105072
5250707847
1024982654
5236061430
1844438451
556094647
2030184727
5196773304
918993300
2029712035
1011620027
667360292
5104726032
1409701572
1318738002
1925089568
5184107671
923647058
5044500821
1657202447
5079025065
1964865881
5194902238
2002863227
5037499719
1066909293
1676837536
1528746344
1222623536
1748331666
1307540370
1349661279
1697599581
5178231261
1231202115
1544118991
5179132772
1477272956
5114468797
1442116632
1725211445
844883474
5299338715
748675809
596669430
514618085
1941222237
1203693056
445207515
1089028716
989144311
1263518213
1927406393
640804678
5195696199
741871740
939139041
935455880
1540758789
1151285007
5055523971
1018736804
5076365904
1396957711
125365882
1053283965
5071660317
5286678129
1179773544
5139643169
1410124192
2096129196
1895387310
5146956546
5137138053
5056006114
5090597633
1198156280
5110919793
5064552031
747696439
1785899545
5139134125
1225880532
5179185102
1266400650
1200712530
1110427804
738029161
1581066518
528899957
5108777286
5076440914
951492001
5254444904
5183388319
5246346427
5058784131
1624598094
1838448297
5173714808
1033903508
2104843385
1496631388
2132154275
5160215117
5159271497
533667222
1009180924
5160978800
5230171498
968840967
5127296124
1914507251
5188220452
5109973662
1156438553
796901494
1279056957
1143651493
1845377563
5048931815
1917700379
2017840354
749703107
2014157057
1474322262
996123782
2091496030
5008886566
5067782847
5069646356
1304893047
5201844843
2129002292
2057301347
1539393907
5048880389
1378713427
559452264
953163029
1284080995
5031509446
5034956456
1299076785
5299450645
5299038309
2125959855
1118184234
1156390936
1828123582
1051302715
1719982363
662056677
945583666
941065642
773289595
5291609655
5191575308
2008493987
1966997068
1339804775
5296765935
1677284841
1256761248
5082902557
1119293157
1652951009
1745992074
1223239348
1327505274
1053458356
2078619473
5213074036
5109063818
5235937502
5216875618
449090044
1714556611
5293367581
5170482263
5165286918
5103495615
5158836997
1489184623
926421256
5072347056
1414579906
2045160199
5245330589
1589004206
904558138
563787628
562744604
5185138698
1814442039
5088776447
5227337399
1061430308
1019631218
854024642
1743742206
5015141769
1801611453
1428340667
739172751
653721662
5238735079
2053883343
919718176
1475190454
5258951358
1884377668
1711174201
5046632460
5145643427
1065126398
1157071415
1337865252
1651468921
1938804246
5295978739
1459438041
1234550706
5125457591
957479662
1808820452
1305323524
932736952
5159432545
5207886428
5210061639
594391111
5014409650
1929957765
5254820863
1458493771
1301533678
5253749493
662083258
130321241
5292716823
1399945560
1280582535
1139163643
866492664
5173277177
5008450577
1910140277
5365720234
5100862331
1932324862
1665186241
987091754
1492731867
5063539072
5135703684
1252123523
1533302859
1138558177
1977302855
1864521150
990251321
5344289700
1497012949
274355976
978070891
2124307553
546346616
5304289588
740988872
5147390047
1572619627
1596120015
5291034082
5221798544
5039941369
1753195675
1379394463
913179423
1865393324
1868703334
2138444075
1315360890
763254089
1902237954
5074810816
1112011236
5089567612
5022940588
1110794764
2069985693
1313589770
999900947
2050822940
5257101523
1939323152
5046628089
1623026131
5277837794
5100614939
1944241941
874445556
1294539179
735031809
5354373596
5032154100
5299150867
5191568760
881657309
1643987869
1360544174
1309573106
2059162487
1655952940
738161945
244857770
1722196199
1994743176
2066712097
5214636894
2112547836
623644173
5142823354
1875442559
1899627577
2062345466
5146414417
5051200933
1369517421
967525413
1240062175
1167768558
1700813249
690941436
2117148775
5216923186
5064301866
5263534194
1384067208
5170290163
1823253119
971547318
5046930189
1886592999
5322280213
5165943040
5056906669
2140556647
1158720962
781905743
1514178972
5200419811
5055518186
1032157795
604522169
5159110569
5081597899
1402913578
5012432121
5179160519
1476204139
5045740442
1229154088
5011935696
734977250
1013883151
1448407088
1339871743
873742835
1846635020
985826389
1214989123
1118995825
1701382169
5054246686
1506592578
5236157569
2003136151
5252495534
5366486488
1869968562
1361470928
2126756092
824279489
5028966774
5173052143
1382129063
5007964782
5181222489
5144113754
5224210456
1611387410
5061694839
1353894074
598961597
1054908749
5078685098
945788344
995985438
5035690816
2069531353
1451450019
1599620333
5147452687
1408239885
1398522624
5075466558
2026552524
1807383071
1674376553
1064957253
1847526063
865499672
5127386704
1115545408
5202539518
450098413
1109335866
867458747
5179749666
5169981158
845972381
995003973
5273598832
1433734338
5238839195
1427694743
1025967595
1790417720
826382679
2058578151
5183401030
1348259908
1751621342
723672449
1624330215
5141394902
867709543
5251575872
952476323
1294623485
1341994975
5343836080
5027958124
5396309683
1394365935
2143375361
5114378734
5199217743
1827788533
1607585350
977602019
1683729673
5002116290
5157595047
1754006364
5163646222
1037324110
5169436533
5135750087
2051139885
5210371711
2056234544
942730199
1152137970
5385030878
1095471238
5237507574
461979201
2023681618
5277706245
5351515851
2103742463
1257592145
1059115267
1212187526
5300317701
1247280374
5078864071
5081667525
763804203
693811306
1419440771
5204209029
2027965093
5244967235
5071276162
5192271768
1655257720
5287476599
5107754589
1130079575
1019901109
1578150738
2125772072
2092050723
971424689
1716955473
2120148016
2014745834
1258946372
1923867013
1174248513
5192294842
1043407980
5032302203
5081624197
878570778
905577268
896079562
5017779975
833822860
5130862202
1886866114
5252530903
1227852270
1679898979
2079708311
1321749969
746025452
1369499433
1116363054
1652967686
5282144129
5207973823
2107597274
1433435554
1768060058
5183177632
1834928017
5080510699
2121067016
1322724259
1355844580
2011582731
1885001922
1631907125
1093260038
1873515950
2102144045
5316662019
5195855091
2132538026
835585988
5224390332
1238786790
1108382024
5300520203
1422821707
1909217248
1835646943
1969128489
1143405592
1781717347
1916919535
949853962
710816948
1932093937
5159803663
5030344045
1196527576
1031340046
1674617085
2024862964
2029352234
1166363292
5240543255
5343532089
5311352971
5351072294
5379598953
5373786505
5342476573
5303028237
5341059655
5391830920
5396393400
1221252049
2017938343
2002417386
1457559849
1930935584
2110232042
1720968958
1314669251
2033566036
5017260376
5186582090
5306732843
1752272021
1760016038
2132499575
5095592169
5147614006
1755376174
5015620446
5115640564
5207385810
1505073516
765299274
1992108423
1277369402
1035704486
1793513165
5200223991
1574629284
1194472014
2069065273
1874598824
5330759914
1152280288
849458986
625838982
1046212283
5293470173
1082983377
1212707191
1677904448
1388192162
1958292882
5127796170
1817555846
5290185465
1599039819
809114061
5358189344
2108070172
5234487413
1550965805
1274025267
957082134
5044546256
1469765007
1737305142
1680184033
5175640430
1464117341
1410283790
272664146
1111380314
5160194474
1301764239
1771970186
5194589702
1499992324
5353463104
5377641932
2125645179
5009144521
5207134396
1080658105
1680619689
5054939032
5028838546
1968345660
1297269408
1301304136
968930546
5228045700
1955763117
5246857224
1480418161
5186577096
5009956624
2121543261
1195013014
2099657363
5165147865
5096462325
1978404370
984184786
5289984043
5231771530
1042345779
1237129040
5251624165
1939757009
335378987
5092621449
1130464703
1269804947
1307389556
5020828195
1153700215
2107139781
1803967470
1444897388
5017092149
1281583967
2063373042
5111434093
2143661212
5230809816
5128195666
1130885442
935719533
5071863072
5061917637
598522650
5294217446
5276457466
2118786371
5237267177
5240559312
5236541934
1290615155
1439931666
576227843
5118320828
1221118751
1899562288
2090012471
1325706220
1257452643
1854199722
5354885074
1456210705
1436754270
1136074901
1306644746
5169801327
1511846603
951555751
5012183833
1411772955
1648930711
2026456109
1109998711
1747795182
1375789788
1642810423
1629154129
711791827
1954288390
1486511737
1480417556
1662433468
1482341764
1460186082
1184072874
1301331185
1765339614
5246329235
2095419069
1474656141
1686527667
1918154372
1073378630
1837366623
1175237985
1802768942
1202862730
1836214863
1344910659
1609119876
2040071602
842957201
1237180066
1983831430
1076037640
1317957717
5042911886
1663158569
1366565843
1272125651
2021816392
1981056972
1295016187
1479858761
1596659004
1419965737
1805952399
1678232172
1444795722
5047349555
1369885302
1936528317
1996941312
1872156956
739911594
1067054273
1293482652
780070550
1973302580
1417375418
1353473906
5139980752
1778022655
2021140690
5098035040
1374843749
5236149150
1026975044
5222848202
882115521
5243401482
1708602901
1635874642
2070201359
733226817
994629025
5261678511
5102845721
1842129370
5227212471
1288793273
1026942338
2102282124
969169510
5347662626
5179556444
2123652238
1268084702
2008116915
1956696941
5029653590
860561673
1816077877
1474885554
923671577
960606027
850383192
5177536837
928340709
5179035258
1987804301
1657622288
1408056129
1360204631
1292114990
1582677714
1196950420
1297228048
5087413710
1873802608
5219946211
5171169119
2052869610
1331269684
5009116443
1205477919
1719581794
2039142228
2146867260
5325510594
5248167710
2116646458
1994360902
1371108805
1774637977
2097779935
1314371244
803534218
1254253899
1539172483
968688739
5241473998
5075159119
1046351523
5382077143
1098078220
1958081883
2110048889
1037034942
5319576642
5223521880
1158328345
1129442861
1787510148
1979955047
2083207123
990413294
1701249361
5236965665
5152921682
5169551800
1688056766
5066245194
5215987443
1032005796
724279999
1622904881
918842785
1690313804
1640861595
1813701931
2121701270
2036516596
5168321900
5002180702
1902909060
5052766278
5283718872
2089351499
5038796624
1506629476
5052624211
5150413930
1618454313
1717003277
955773824
5283961244
330563787
1286013696
5277910082
5160514143
5322849637
1136343281
5182999908
5169334806
1312825425
2026608391
1913961412
5281876276
2031557020
5106817394
5062273293
897329998
5228623242
1303523115
1750743348
1279305539
985933125
5239927183
1219248072
1225706641
2015419711
1277067281
1764041933
5205140736
1949392828
1947817116
982771461
1711397440
1034729405
5251199364
956128999
5309871952
5053981721
1053768500
5137736329
1080934559
1935890141
1661724761
1994579994
5324530452
2010061042
5193386075
1313442149
1401403536
817045282
386237926
1297799923
5206753239
1403382884
1819801603
1875512553
1858856991
1919938345
5147200543
2110445678
2140551965
5164259555
1086716177
954505239
2085823517
1344614175
5098710228
1045113958
5372241588
2011753739
1149669457
2065885590
5097835994
1290046038
953150781
2010577776
2010512696
5178944968
1180981516
1775816411
2125107128
5281286446
5026405093
1424854500
1039257042
5067637099
739988829
1838824001
1680476652
452801376
1781227252
1907486470
1805874160
2106738387
1269477103
2013577606
5217406149
5089221006
1255395272
991339766
1079604375
912988953
2075992554
1776011795
1218442624
5300467790
1078254511
1598382341
1982722852
1271500354
2126727673
1413794901
1064716875
2114966481
1011133663
1726708702
2022431431
1796979398
5225251692
1379818345
1459516741
5023398237
808771626
5239755475
588449766
5124069592
1467101026
5087341635
5329371796
725527435
5073896702
1300018287
801730719
5210189271
5263881107
2016261503
848159919
1189757632
1599192508
5010145297
1777758558
1685288940
933650844
895760628
1325022307
1957905913
1375498445
1264016468
1260628620
2042799374
2059756105
971610182
1296540068
1767621634
5310743240
1637966047
1222488112
5219029197
1052379002
5140301505
1347479452
1824273813
5037323645
5368556110
706760873
5138572305
1228924943
1708137896
763737683
1053300424
1300528592
721686805
1316184096
878200359
5200804146
5247072916
1428676361
891846690
2078168877
1958862405
1027269790
1243598134
671862371
2137737671
1041063588
1806908329
2120658699
5338297597
5310233428
5066068382
1287615692
402295688
1268842900
2075551864
990279846
1837403788
5048603893
1499951518
5245669494
1765444978
2010962335
5294212309
1210654924
5351899881
5077373637
722983750
5111680847
1644021650
1805555474
5137316333
5127602098
1710931823
1277793317
541066245
1480021687
1238111811
1347777720
813153139
951545780
1958389345
1423367245
487434480
992035953
1974068067
1089577879
5181314189
1497907110
1647092971
1916776114
795214952
5193706335
1331431784
5007430551
685910995
1542198964
5250156128
1928930282
2033945447
1987052751
1897409990
2027779229
2054235984
982310397
1269486072
1420730657
1404017030
1315259709
1775351364
2021524875
904976036
1844277637
2006981948
1466377488
1800175511
1380794950
2013396778
1750090480
1770035916
1092205843
5194344806
5033491794
1181590637
1261991324
1155782164
1981722229
1141146691
1605739326
5131612480
5353397935
1933880703
554877873
2127351043
845903520
1677869566
5123719266
1455292222
609203838
5239019442
1368487369
1090412406
1119799562
5311591695
5141337442
1191010854
1866251133
885613555
5103228792
5144131339
1644953560
5036316161
1760368173
5163124844
721024674
1163483920
1919286437
1290469942
1666693864
1954036562
2131198912
5167708976
5148070803
607795415
1493347593
1865631246
696846424
725315135
5241478048
1814812012
5100869151
5143731084
1325562046
1050717804
1431742498
2080118986
5126236180
5156465410
5265169847
1911850238
5252893155
1408441594
5135571535
1812006052
1051450474
5372655572
1388058541
887502924
1027359865
1912128867
5126760392
5174303587
561416741
1496698129
5322063169
1119946419
1628059796
1528204538
5183936965
1495566593
1752246558
2030591133
1099082360
1358326932
1299811811
2014429742
841560565
1053192442
5187549939
2040934057
5202520149
5048216580
1038861867
1765843202
5372630138
5218033390
1950306371
1993095588
911244227
1412121624
729842700
1923983367
5224326830
1361205478
2141331080
5058388813
1931504486
1632340161
1547300844
5288954025
1416308456
1353164368
1525654286
5240682282
1369872898
1791104017
1016015417
1422583971
5392086488
1969757915
97994317
1863480357
5235681563
1274300146
1512120417
5083208142
1101218936
5075427551
5182047617
1763949908
1633829443
1765096859
1650417340
950205313
5073602450
1766292519
1486527642
5096703534
1582521708
5272456400
1005654443
990192756
5168068986
1016895308
1727037678
5299086895
2080113377
1012298957
1038956886
2088679499
5082438527
5109254826
5088804831
5145695893
1051534673
5047038640
1452832627
325615556
2139455233
5261348269
2141910584
1091224137
5239333620
1834429610
1485085529
1124432011
874747494
1031411008
1138689730
5197337321
2122295278
5076387640
1049207213
5308365213
1476529176
5001421740
5232171019
1281315686
1162167127
1065571872
1658106184
2103574434
2114054145
1449972983
1625299126
1799896566
1125749139
1251379793
1389871078
5027083182
5122589094
818259492
1425188793
900346095
1465910456
1687712391
871461408
2086362158
1650275544
1377531481
5071388557
847868081
5341336233
5069203416
5194938031
5146586306
5202749110
964168277
2051886818
5378552635
1948974958
1032873230
1323684024
856378529
1995335618
1780441027
1850760121
906719321
1922169812
745369095
687975290
1804577471
1765926810
1237311415
5026432278
548686351
5106750762
5029102400
835948385
1968573198
2053476539
1345384098
1122623154
1171859098
1055499287
5095788417
490082994
1407019198
5040680669
793004265
5278951879
5114901259
5023326001
1939485474
5200955772
1558836348
1324915659
1399959720
1187114014
1300246072
1319621689
1614845862
5069667156
2049542355
749559137
5179611748
1156593731
1999479609
593280721
5381818620
5239047192
1518750854
689538359
5166736785
1141034087
941028366
1204540839
5198372011
5266921088
1112091250
5195388413
1794247948
1417378363
1443979711
1870869845
1033743211
723576389
1703576628
1580129460
813583093
1221480249
5190192136
1360554235
5134594124
1602085494
977520147
5104313931
796812731
1154756484
1695061800
1852686147
5158298210
968152259
1991993717
969295466
1140048832
2134223786
5189294701
1235491186
1058145152
1300508186
1340074457
2026607642
1056067856
1543289912
5089768543
1677189278
1495807017
5296153265
1069266919
1221307578
899882962
1979623221
1476507224
715157734
1064130910
2073539185
5109249256
1872030716
5335169100
2043544314
5345455940
5375548412
1685194673
678647871
1180493310
973959076
1357118406
1749051639
1122502607
1875470326
1534291863
1068405169
1668672021
1768332245
758956814
1403357979
1081476444
1624087209
5373790233
1577070924
1277855203
5374928888
5020029477
5288913436
1746176787
737410120
1352296856
1431411214
859907465
1235290735
1369478998
5123749539
1014305352
1
815821334
5033577087
5064634241
1971379751
829969169
5036243179
965620299
1016872330
5376902811
1069300880
5147348509
5228502401
1772827903
5289424726
959060932
1960118180
1310494512
5275403869
5346783091
1338276462
1455253265
172621899
5234248388
2111475005
1777492756
5369213008
815353214
706301705
5165698093
928956346
5131832007
811391976
5035418414
928332161
5174955091
5003051475
631644063
1781164685
1662596650
5295531289
2108980918
2002930344
1626852107
5278772866
5381497625
1013133153
1494157529
1950812811
1394097927
1850069008
1062728186
5092306872
5261170815
1452508675
416106381
5205116475
1066471925
649670983
1970486593
1493282017
5147090597
1416582844
1429028308
1451704901
1080869462
5010863644
1268071535
928153190
5261585520
2137790387
1784244934
996175796
1696396323
1098264352
5211078690
672468872
5002081687
5328181969
5266305625
5043728750
1799761708
5328214238
1818359632
5193662334
1980678744
5091342297
477833009
5011213581
1051819850
5076109605
1347829394
1039207496
5164006766
2128588888
1118192174
1385449602
1952981499
1734091112
967382425
1837544383
5103752929
1419485511
1113964942
5251561341
1791786403
5386495568
1277984165
5038535954
684687356
1569949439
5042528811
5353479841
1141739143
5278094634
2082981324
1973215310
5076990115
5085068214
5090923055
5040563337
5288930145
5275245581
5125420554
838959317
1212171741
1351017474
1900135369
1339908631
5179363456
1335310670
5257752911
1266413956
1915313908
1643802869
1333281945
2033215428
1269624977
1828794224
5310334405
5132638352
2110463542
2075641553
1827674280
1674889625
1916170314
5036474751
2053048500
1199448756
5092258658
5372277916
1697290819
1136651285
948598606
5298861237
1848791424
2030036188
5207252774
510009380
1114316754
2107275910
1395973195
2027052159
5108501730
5238677699
1827631242
5284688923
1892590345
782419995
1068888879
1319031700
5166914461
1508492923
5105181278
5018796178
950070923
1133549408
1971898865
1303416858
1433214986
951473157
5297659970
574483969
1218904562
1664332963
2108008959
5198161565
5275321700
5316004510
5245572316
1437701404
5329245298
5198466457
5198437593
1357554276
815605768
1832768022
1337100205
1816627603
1555731166
1659779584
903006102
548168739
941691309
1951964114
833483197
642083538
1249227307
1962673501
2098114627
910487638
5184745020
774129191
1198350354
961383401
5113962805
1781288712
2037537505
5151254685
1843941200
5053584336
1302086005
2054221836
1648498804
1079476801
1232662906
5324375008
1334247300
5285543337
5121884175
1705077210
5304088876
5228918985
5215813142
5202152018
2012611417
477302725
798150560
1244716549
1070862605
1944093255
5027935444
2134642008
1884136860
1251931294
785325100
1562999476
994663593
5300161324
2043954278
1468883571
1545964899
1871807211
1103318267
5011096333
5100377136
1098356959
2112912206
237360265
5088440974
5351106019
734885871
5246198061
1062790917
5196885886
612170802
5161382549
1784431830
1130986788
5214602690
850035911
677644623
1106224860
5166807196
1491105114
5287390724
1803712593
1760906324
1432377695
5199622240
5101811896
5286538469
818839391
1836501196
1203104779
5037790487
1134731195
1834348830
1661672062
537385088
2130403533
5008758529
5149027463
5289709900
5084797691
1425343384
5223548936
1807606119
1712473290
918862131
5216301706
1034764591
1785567730
5396420497
813011889
993147663
5352964330
970743096
5292982333
5195200762
2073505970
5257362404
1920849942
1104236465
5372183191
1382715819
1086078380
1001233020
1621532464
470122066
1737238153
877939634
797871789
5269254181
1453746969
5295651945
2076325110
1664023153
1000032511
5140773824
5201089521
266039784
1663266287
865327725
377475279
1874447971
1832731634
2057492436
1269676477
5234030086
812204096
1044580004
1385803545
1632338227
498733923
5176012728
2055998289
2141117379
5001731026
1351148204
5101616502
1133699851
5172190902
1028758035
5134773415
1103483269
5173125121
1897222415
1032139869
2092705646
778495051
2043697859
503725881
754804121
5188218770
5273415503
1904056729
5103812904
5112021655
5017267582
2092370489
1024363223
2014534964
1636818263
5206627241
1727357412
2113408629
1208711316
5119063556
5293666718
5321934413
1074674593
1412307210
737487493
2006542554
984213929
769164428
1162937337
2131821524
1326227265
5113917560
5088671657
5260759308
5285911769
694714539
2046501820
1767948735
5302498993
5363744788
5241872734
277864038
5308322639
5382505806
5305790376
5057193119
1003281418
1314945500
1088096056
613280211
1425279666
737935424
5061155438
1727071335
5150864003
5386158286
324419988
5151107512
1249092496
1068501029
1968344572
2127753939
1338437187
1746714647
5354597146
5056301257
5047825643
1995969102
5271807919
1648763956
692135511
5323929996
5181880537
5307545193
946274693
5143045530
2052494021
964410789
1487496676
5242342582
1176168518
5243828043
5305241613
911350981
5189869380
1280573446
5028734063
1533691830
5390668504
2092516795
785460948
513313504
5394895183
1142289486
5258511566
889792469
2117198331
5305242148
346117224
1410358668
5139875347
2138727584
1786966462
1942931380
1445630843
5090411811
5219057819
5287130171
1149726974
1392733303
5294487771
1173902541
1807828874
2011417529
1604506594
5303348692
5074682541
2070637068
5154290007
5062317547
5017262315
5131408433
5362185945
5107532378
5330581499
5303218472
5380297308
5392652581
5317447152
5061294661
1992270982
5312600170
2009252442
5239177893
814628178
2132199825
1786120821
2089949369
5251340284
2094855822
5316009578
5279064424
5079307057
1506415163
5371898907
5129090379
5283674627
1372694925
1473240699
5138771704
5383668315
5365936011
965508706
5104362453
5143015078
848097409
5156966785
5058079700
1041816980
1322740192
2112779594
5345374410
5128103074
5041637511
5110328116
1317981271
5242760745
5338567192
1275271075
945838016
1671415055
1757331172
1875466138
1276122997
1339346228
1068659605
5134954131
965029214
5360504867
2029041237
5282756530
1549801790
1904337967
2108268994
662817208
5282955883
1893626161
1602912157
5206941782
897871928
1612535661
5303963399
5053656058
5147014635
537950744
475122506
1269124885
5252486021
1971533446
5026072142
5370483025
437917941
1413451350
5373266819
5313061234
2057762752
5190266653
1403175309
1257649501
2083096315
1838741918
5371623566
1669611311
1062844935
1380514524
1200913675
702640396
5182966789
981903223
5097798598
1079549818
1656647061
5151577618
5205890974
1798792900
749149018
693474173
865614052
856690404
2085322375
5136228845
5175622516
2090137760
1209981223
2027862652
1640551417
1452854351
2033783604
1153173215
5106973339
2144532315
2085435320
986449946
5221925073
5186345775
2123811987
1794619238
5060373263
1352532631
1380064994
5149395841
1317970001
5207548246
5137025559
869793755
1015334098
1661458121
2136873390
5142886019
5270699484
1143416606
392476781
1850559728
1015500960
5072478315
5194236921
526205197
1968399338
960530735
1854165776
1802345369
1990044479
1947926986
1850631364
5230299374
5178452867
914246088
5302887012
2001661257
976929476
5023954862
1983059522
1293850497
1697722986
1863088146
1038309141
2133934700
1879956566
1429845995
5110314120
1808269304
5242692032
5288778179
1900531875
958166876
1930414983
1835106310
5158720741
5138251943
2021456401
1420215049
1392751100
927150519
1109666107
2132514960
5317121087
1620796531
5008672973
1075317313
1967122501
2020436604
199779857
5223515284
1606185817
1772444060
1976253093
1960026876
1933605702
1623657360
5386159557
2007827111
1927990798
5206965141
5132876207
5158378517
5286063990
1698200737
1182833778
5267535815
5039544682
578312874
1395939764
1531595279
1622653116
5359146019
1972522088
2014019217
5211713617
5328506525
1367642406
2108828506
1139639659
1778627067
1063084267
2106932410
1231385406
1442206164
5118992653
943554064
803255745
1332980856
5300189722
1967245020
5374968284
5278617386
5270874335
5281637451
619572138
1700752053
633090940
1018112148
953867230
5025567481
1276862127
1366803567
1771187585
5243422103
411784532
2101627363
5068415700
5216799889
957633553
5272765748
2070099392
1951076791
5384229036
1062279480
5194858688
5391159483
744287234
5228290744
2031089829
2025439651
5039488750
1222090572
780507469
701866151
5222166326
5153767545
5392575546
1316093332
1899041213
944898709
5308960589
512664510
5069004368
2055548541
1322956067
1116235712
1610819878
2133676195
5343781381
1195698576
2034215705
1342826879
5291342498
1190146751
1418110564
5217987480
5203864358
2115811739
721855499
5181377931
1848359556
851409500
5036456509
2120929405
1739010748
1294651565
1537431554
5182578380
5088634308
1921165464
5035293219
2034295287
5132900405
5396480221
1330350501
2094468754
1141521389
671880624
2027546718
2021655762
715434776
1583975723
1632981024
1554231268
5358060594
1971056064
5268481902
1847118320
1638959164
5309275554
541262580
5291974181
5223619004
5315449012
574318871
1541894595
5364955452
1452811771
1889187419
939013436
5351505757
1226513307
1917539045
1797715166
1132981467
1996765364
2037687794
1053250616
5156391381
1672717118
1958213892
1661158554
1960465018
5038364111
1698786060
1004419557
1934849843
1899561372
460470401
5261783990
1671101038
1820601750
1599488920
5158317117
828145730
1590933646
2123667752
1754682239
5114738961
5205419654
5330147948
5389134392
5378419693
5154292015
5153517356
5190815500
5259713602
5394264245
5385728138
5154884855
5348135075
5337156635
5324695145
5297554421
5293448232
5246640595
1893678965
5117148314
5290743840
5287324460
5274354099
5242438027
5189699168
5271373640
5217436194
5127948077
5104185152
5252710763
700252070
5091488475
5203443641
5167035052
1006704234
1828532988
5124198431
892426283
1821082386
5111305725
1057035964
5063940047
1627340588
1392200666
5370687349
1741196452
707603152
5186255025
1043475527
5116863370
1295752942
1328459857
1459212481
1279249702
5262040210
1307538133
1009846104
5022481152
5135250329
1317755547
5099043194
1182911674
5087165847
1026312112
2031221170
963903986
1335739076
1723252455
1454136047
1579724418
5297305572
5075947156
1925405274
5016618393
1497039198
2052092976
5161464776
1815739549
1962599104
2033790196
5056917486
1871475316
2049775782
5244201225
2128337784
2109288102
1981279717
5210477147
1773332262
1991186934
5339066593
1644298208
5264651855
1930232318
5117203132
5210878814
5197864731
5059384763
474155367
5002843632
1445596197
1715274654
886717495
1021203477
1563188129
5240219337
904856918
1868479280
1465038586
1124966044
2131524936
5281711960
1925394059
5309055308
679642580
5162064577
1334962527
1436010676
1771523882
5170679182
1850460855
2016645547
1148312691
2089492308
1323728347
5301792803
5203039550
1674537328
5365475708
5350311411
1185318886
2028839524
613629075
1431339206
1690652835
1041357737
1006803598
1850573756
1602177768
5335176061
1983200558
1676684007
1074606020
950023536
2006176556
5101808805
2025703162
1233442644
1490167417
267417186
5218954225
716707042
1938175907
5392091061
1806431686
2109423732
1297726526
1492587765
1725886459
5285862095
1719093543
5276663509
1888644310
5370136389
5021711171
1383634131
5003684661
1289401065
786606172
1326805250
1838865668
1566041062
738946735
1526276725
1436282402
5163217196
1714215571
5130233977
5321597636
687052592
1678126759
5217968460
1170401184
1066326808
1246484997
867717329
1698056626
1000888143
1140768578
5178606875
5047681256
5249237588
1163731036
1422271331
642315105
5176472950
5246245741
2058676276
5296491735
1836784951
1730920623
5136740930
5368183355
1956196140
565495133
5285744637
2081292807
571177980
5204417907
5045520388
1425827128
5308727363
1457121008
2058570553
5129681156
1702568046
5292119180
1150063670
2124220141
1760150469
1932749311
1839832541
946712223
5199172852
1653692704
1357028429
1951396145
1451251076
5231064020
1539381185
5202878169
1305399966
1425140380
2138294731
1122959002
2064105239
1857141323
1933952322
1817813420
5144443833
1861031228
960490177
2132261254
1307831728
1748628518
771067514
5140316319
1428466707
5317688713
1322766897
1711114944
5252792875
5152467719
5141506306
5140855031
1268649849
1230892734
1930115343
5391363198
1701255125
5013573303
2013232480
5386266572
1461857671
2132959538
1555874484
5346017315
5180082383
1554246286
1645503609
1420061919
5189608029
1768850169
842922565
1706096119
1969339056
5303844437
847917362
2059846673
5352574142
1755930547
5319370503
1669420239
1928212662
1154737367
1417564452
902530502
1856880926
5021859246
1025549572
828517816
939420838
1816221609
5263992777
1726521645
1157234828
1705195387
692373127
967803765
5292990179
1700367594
1446005333
1903421275
1143124518
980282127
1211744310
944122280
1578620503
2082726330
1277489803
1547406721
5294284508
1650438674
5051098336
1623549130
1975864511
1285797375
1677845059
2066559068
5385606401
1178385260
5106470311
5212655921
1564716300
1396860455
1790451951
2057905344
722371306
2038180594
1215618729
1466343145
1493100041
1821776409
1203913570
2008686368
801239813
1794042388
5036796114
1695210386
1021808271
1134741240
5191864755
5081836898
1413223139
725407545
1345755877
5231683793
951549063
5272391891
1921550182
5263191683
1046870104
5376693731
1601246078
1655507748
737538383
5051192922
5292135930
1844160845
812710817
1771995793
1897643660
1897629670
5278493902
1732813327
1407349983
769629833
2030564178
1509887920
1718570367
5031326003
1336899337
2080349350
1404194991
1627761290
1273907541
1300112671
1349880179
890764862
1910950484
730595422
2003795479
1683847354
1934345536
5161232647
5359334316
1763638399
5375757699
322170432
1558992308
566270117
877685599
992175926
876889429
1518464799
1157170941
5320884678
2127743536
1981597563
5139185407
1434150363
5325587307
835831756
5335701129
1487517063
1946890226
803653685
2129876884
211088347
5249935713
5187529166
5156956812
1450656055
5399090002
1014878070
1997481783
2015660828
496504161
5033405515
1904695606
1245417820
5243241306
5215688318
5007143311
5172387373
1298547100
2044397572
1996567720
1758784868
1386716552
5326480390
5344422821
1457579237
1224142551
2095654692
5105947648
5205844185
1082488614
2006709204
5349741135
857380127
1162365372
1845869224
1280394851
5055953439
851505983
5020270144
1101293945
1683945811
436092735
1433050400
1318513864
5033076767
5315912797
1985588583
1162614563
5023363249
5090362439
615739450
5284065547
1427490369
826548260
1269275324
1281171337
5251716360
685828802
5076232932
1318835162
340842413
5071784167
1484705332
5178400641
1240512618
1866847575
5111180064
1058539956
1055475585
1655636332
1367014827
1354916434
5249444892
5258210139
1206551521
1489606498
1310880541
886507630
2121494581
1023917490
5077693247
5350891493
1707997250
1915890048
5295366171
5359087936
5345367504
5057444773
5340703952
1902849686
5197949859
1385438573
5390809007
2045879762
962579393
5292727929
5352113844
5394143507
5189145329
1504025864
5087040968
1892763293
5242857805
1994543054
5072433848
821343499
621999748
1491001080
2053918086
1437535268
1365142626
1855982923
765577631
1801215832
5239118259
871152921
470402494
1003543407
5062181788
1263371415
5123238122
1835169937
1064882554
5211651743
1056245985
826629122
1393173632
1131081116
1142290222
753012693
5000357391
5299450188
1291332340
1975335348
956243082
1497100901
5154603564
2040202757
822300180
5234771161
1078461431
5303518584
1833000944
512623311
1085417656
1208061164
5374688498
1070606130
5168522962
1835309076
1759298535
1341644844
5265140154
5378086334
2045958124
1758992257
5273900681
1559046497
5132032640
1960112770
2115362410
5399572443
1497122259
1453680845
1981891982
2121625550
723131094
1912432319
971159983
5136676593
1906984940
5034130856
5304352843
5078910766
5245809551
1575864413
1715232225
5315729320
5365400267
5288830666
5384861178
5390481936
5141910202
1810084343
5280660889
5153943930
5176485683
2118125245
1907833683
1524802735
1281592536
5270762403
1922474901
5107078529
661992935
1722916428
1867321351
1741697834
1586331691
5111144948
5389919424
5198883756
5396861431
1150843819
1887326518
5258971080
440149019
1278605216
5238107783
1572997746
1432758966
2112745753
5241129692
5104636867
5297580727
2083495754
680430192
5066320568
869044573
5248976696
318210739
5164701343
1469958450
1436961790
5102501384
958050876
5125361925
2094826779
2093133356
5161376353
2066391664
1433893884
1544188739
1191336222
5235781953
2074500372
2054834806
1225642933
1415787138
1919796799
5281659852
2080083880
1015675812
1130279250
1427655599
2047905260
1964307740
5295382943
5139769050
1446178827
1607364110
1958839606
1713762928
2041786050
1861382220
1711000350
1847100998
2083251378
1536613112
5356758787
847616735
5228628606
1360052598
2126892754
1347297984
5016551018
1984002896
1067277861
5073305738
1545437250
1929142984
1491332731
1985901118
5165470515
5080669301
5198019078
1775422963
5072334130
2048942265
5241498214
1326889623
1713427631
2097130908
5237175252
5102894946
2081104460
5504789893
1320443072
1228820456
1791203498
1979429854
1589054059
1325128156
1841097850
1886455922
1002137114
1844677914
5243869877
1946119741
1235895780
5292391253
1639716359
1485513693
1444472740
5266038250
1073152866
871805280
5237299437
2030133881
1810227306
5244309408
1788523936
5234158876
5221100584
2092086091
1410948496
1421199190
995990486
1853382467
2117729594
5195066861
1216840644
1992858626
5063636085
2030577565
1360238627
1125147909
5300093300
5298917141
5234509993
1367993397
1467219211
554056842
1978800322
5300648414
673783920
1691456842
758965563
5260400076
1392246928
513750953
1706181581
1705847201
1194132478
1438054137
956210739
1066557664
5085077445
5227852842
5207136664
470755189
1198794147
5070971885
1750879437
1825548867
5282825271
701010383
1260049183
1644111958
1177624773
5079695669
5388731912
563618013
5177616223
5283081689
5207135146
1453371571
2061320816
5582874709
5301907991
5271073980
2106642955
5129254820
1189108574
5292399367
718345187
1884207451
5320766533
5263042239
2076559998
5081675459
5495781357
1204601408
1606588544
823706038
1754511773
847306766
1879386686
1247562535
5393128573
1735839981
5369511742
1182970191
5100119450
1868562616
1233927256
1241548584
902609333
5363325826
1963757217
1351806721
5390589294
5039980537
519085973
5255131807
1316491379
1506434265
2056234188
5176352209
1049096349
1656969884
1879069126
5360201502
1194494429
5080986119
1005033994
1136871604
5340930433
1863413900
997571229
5260838036
266501999
2146843475
1265783745
1275758887
5137320522
1242875659
1360967482
5008426399
961618126
5471027443
5162842864
1073946008
5346355806
1463183298
1407239074
5425414821
721001960
1704101805
1240033335
5097420277
486137318
1451710208
971749522
5276365158
347302058
2004117466
1737834926
712740967
5036694046
5363792299
1514272588
1078987131
1856158328
958081451
5019727463
1608911544
1016268853
2001406751
5187567606
5388447081
5377101615
5177759763
1710092502
941798302
2118692227
121481304
5436915507
766059597
5371467595
1884977219
5398456565
2030378855
1740726297
5372439593
5053659144
5332699057
5260327934
5114187523
5096185034
5139574578
449506595
1350826651
5149182654
1924288842
5149976192
1311716090
1320937616
787551597
1882388163
2068399590
5152657329
1967497512
5352299007
1257785834
1156633247
5471254722
2120256599
1851178713
498056570
5290496783
1411968958
5555360901
5377282526
787656563
1691136526
2061399046
5484083904
5010527253
5393206189
2098438445
5019911106
5519763392
1494317804
741850597
1541086226
5088523275
1168267129
5195340887
1452935364
1948699911
5183424098
5454413508
1968640457
5203663335
5357559272
5201998465
1996935442
1774465318
5261188855
1115348386
5269729009
5221940643
1494557164
5287065105
5222941338
1864813010
1289165670
2026061769
1489249503
1702177184
5356224508
5501351883
5373869389
206505041
1261907572
5193263807
5532622053
1301252833
1741457948
5063903492
5070304165
1276654216
993546876
2055566479
1050628049
1990188915
5591412996
5572443557
5209291579
5319990045
1249459414
5541990079
1348255158
5106371391
1999127716
486383323
812705297
900157218
1478831720
5025685458
1280270732
1201366113
5060065910
5274676614
384517474
2122066296
2043997080
1111511082
5596665345
470749430
5426917933
5538273376
5263635833
1167022427
1172767310
5315817216
1981813966
5393935407
5474441149
5096655202
5156991989
5593789134
771975552
5336454349
1114970946
5079591360
5080798591
5411188179
1046983839
1621950190
1521782051
